-2.059645113861788002e-01
-2.000430594485161362e-01
-1.942940769847659732e-01
-1.887125406121930027e-01
-1.832935732601804202e-01
-1.780324399087118981e-01
-1.729245434509754653e-01
-1.679654206764740754e-01
-1.631507383711329195e-01
-1.584762895309958786e-01
-1.539379896862026476e-01
-1.495318733320344651e-01
-1.452540904639100239e-01
-1.411009032133037633e-01
-1.370686825816471999e-01
-1.331539052693592740e-01
-1.293531505972350670e-01
-1.256630975175028198e-01
-1.220805217119375202e-01
-1.186022927744954797e-01
-1.152253714760080594e-01
-1.119468071085445438e-01
-1.087637349071236548e-01
-1.056733735465208435e-01
-1.026730227109841354e-01
-9.976006073473490943e-02
-9.693194231119196813e-02
-9.418619626891726326e-02
-9.152042341233987410e-02
-8.893229442537153862e-02
-8.641954783608189750e-02
-8.397998804065506806e-02
-8.161148338490085974e-02
-7.931196430164434708e-02
-7.707942150236618550e-02
-7.491190422151360051e-02
-7.280751851194798563e-02
-7.076442559003962018e-02
-6.878084022896353844e-02
-6.685502919879258987e-02
-6.498530975202468363e-02
-6.317004815322088684e-02
-6.140765825146962675e-02
-5.969660009442957077e-02
-5.803537858274019495e-02
-5.642254216362429381e-02
-5.485668156254089323e-02
-5.333642855178030717e-02
-5.186045475492537249e-02
-5.042747048613417660e-02
-4.903622362323010325e-02
-4.768549851361449793e-02
-4.637411491204594671e-02
-4.510092694935803614e-02
-4.386482213121443291e-02
-4.266472036602646928e-02
-4.149957302118378877e-02
-4.036836200677342001e-02
-3.927009888598665538e-02
-3.820382401143639778e-02
-3.716860568663032244e-02
-3.616353935186714108e-02
-3.518774679384463477e-02
-3.424037537828880651e-02
-3.332059730493363431e-02
-3.242760888420045950e-02
-3.156062983494495322e-02
-3.071890260265805472e-02
-2.990169169752514636e-02
-2.910828305176504233e-02
-2.833798339568727176e-02
-2.759011965192244634e-02
-2.686403834729640325e-02
-2.615910504183422552e-02
-2.547470377439521941e-02
-2.481023652445443761e-02
-2.416512268956047538e-02
-2.353879857801293926e-02
-2.293071691631630091e-02
-2.234034637097975784e-02
-2.176717108424525149e-02
-2.121069022333796350e-02
-2.067041754284545257e-02
-2.014588095984301552e-02
-1.963662214139404866e-02
-1.914219610406495478e-02
-1.866217082510467085e-02
-1.819612686494905679e-02
-1.774365700072030524e-02
-1.730436587040112828e-02
-1.687786962737279975e-02
-1.646379560501520095e-02
-1.606178199107578461e-02
-1.567147751152295210e-02
-1.529254112360758054e-02
-1.492464171786450113e-02
-1.456745782879355008e-02
-1.422067735396738419e-02
-1.388399728132062166e-02
-1.355712342438201642e-02
-1.323977016521832133e-02
-1.293166020486521961e-02
-1.263252432102725600e-02
-1.234210113283505834e-02
-1.206013687245428324e-02
-1.178638516334673536e-02
-1.152060680498989340e-02
-1.126256956386674501e-02
-1.101204797054330074e-02
-1.076882312265646166e-02
-1.053268249364011297e-02
-1.030341974702229935e-02
-1.008083455613121779e-02
-9.864732429052497711e-03
-9.654924538684809057e-03
-9.451227557745306082e-03
-9.253463498580740895e-03
-9.061459557644270177e-03
-8.875047964502065512e-03
-8.694065835237789475e-03
-8.518355030126842017e-03
-8.347762015456020035e-03
-8.182137729367842949e-03
-8.021337451612330777e-03
-7.865220677092416013e-03
-7.713650993092499575e-03
-7.566495960082871182e-03
-7.423626995995853510e-03
-7.284919263872535744e-03
-7.150251562781936333e-03
-7.019506221917277099e-03
-6.892568997776831602e-03
-6.769328974339505582e-03
-6.649678466147926695e-03
-6.533512924214355221e-03
-6.420730844667198525e-03
-6.311233680058308572e-03
-6.204925753253561112e-03
-6.101714173831476393e-03
-6.001508756916831312e-03
-5.904221944378340581e-03
-5.809768728321553118e-03
-5.718066576810109172e-03
-5.629035361750455227e-03
-5.542597288877004584e-03
-5.458676829776566881e-03
-5.377200655892647001e-03
-5.298097574451947692e-03
-5.221298466257093783e-03
-5.146736225291216084e-03
-5.074345700081626422e-03
-5.004063636771345289e-03
-4.935828623848742373e-03
-4.869581038486991802e-03
-4.805262994446456853e-03
-4.742818291494481538e-03
-4.682192366298389141e-03
-4.623332244748784570e-03
-4.566178026132012083e-03
-4.510631069006149942e-03
-4.456538895530216295e-03
-4.403699218111612607e-03
-4.351875361754715434e-03
-4.300817375196196342e-03
-4.250284855199419967e-03
-4.200068512177228090e-03
-4.150007631655095244e-03
-4.100000000000002948e-03
-4.050000000000003250e-03
-4.000000000000003553e-03
-3.950000000000003855e-03
-3.900000000000003724e-03
-3.850000000000003593e-03
-3.800000000000003462e-03
-3.750000000000003331e-03
-3.700000000000003200e-03
-3.650000000000003068e-03
-3.600000000000002937e-03
-3.550000000000002806e-03
-3.500000000000002675e-03
-3.450000000000002544e-03
-3.400000000000002413e-03
-3.350000000000002282e-03
-3.300000000000002150e-03
-3.250000000000002019e-03
-3.200000000000001888e-03
-3.150000000000001757e-03
-3.100000000000001626e-03
-3.050000000000001495e-03
-3.000000000000001363e-03
-2.950000000000001232e-03
-2.900000000000001101e-03
-2.850000000000000970e-03
-2.800000000000000839e-03
-2.750000000000000708e-03
-2.700000000000000577e-03
-2.650000000000000445e-03
-2.600000000000000314e-03
-2.550000000000000183e-03
-2.500000000000000052e-03
-2.449999999999999921e-03
-2.399999999999999790e-03
-2.349999999999999659e-03
-2.299999999999999527e-03
-2.249999999999999396e-03
-2.199999999999999265e-03
-2.149999999999999134e-03
-2.099999999999999003e-03
-2.049999999999998872e-03
-1.999999999999998741e-03
-1.949999999999998609e-03
-1.899999999999998695e-03
-1.849999999999998781e-03
-1.799999999999998867e-03
-1.749999999999998952e-03
-1.699999999999999038e-03
-1.649999999999999124e-03
-1.599999999999999209e-03
-1.549999999999999295e-03
-1.499999999999999381e-03
-1.449999999999999466e-03
-1.399999999999999552e-03
-1.349999999999999638e-03
-1.299999999999999723e-03
-1.249999999999999809e-03
-1.199999999999999895e-03
-1.149999999999999981e-03
-1.100000000000000066e-03
-1.050000000000000152e-03
-1.000000000000000238e-03
-9.500000000000003234e-04
-9.000000000000003006e-04
-8.500000000000002779e-04
-8.000000000000002552e-04
-7.500000000000002325e-04
-7.000000000000002097e-04
-6.500000000000001870e-04
-6.000000000000001643e-04
-5.500000000000001416e-04
-5.000000000000001188e-04
-4.500000000000000961e-04
-4.000000000000000734e-04
-3.500000000000000507e-04
-3.000000000000000279e-04
-2.500000000000000052e-04
-2.000000000000000096e-04
-1.500000000000000140e-04
-1.000000000000000048e-04
-5.000000000000000240e-05
-0.000000000000000000e+00
5.000000000000000240e-05
1.000000000000000048e-04
1.500000000000000140e-04
2.000000000000000096e-04
2.500000000000000052e-04
3.000000000000000279e-04
3.500000000000000507e-04
4.000000000000000734e-04
4.500000000000000961e-04
5.000000000000001188e-04
5.500000000000001416e-04
6.000000000000001643e-04
6.500000000000001870e-04
7.000000000000002097e-04
7.500000000000002325e-04
8.000000000000002552e-04
8.500000000000002779e-04
9.000000000000003006e-04
9.500000000000003234e-04
1.000000000000000238e-03
1.050000000000000152e-03
1.100000000000000066e-03
1.149999999999999981e-03
1.199999999999999895e-03
1.249999999999999809e-03
1.299999999999999723e-03
1.349999999999999638e-03
1.399999999999999552e-03
1.449999999999999466e-03
1.499999999999999381e-03
1.549999999999999295e-03
1.599999999999999209e-03
1.649999999999999124e-03
1.699999999999999038e-03
1.749999999999998952e-03
1.799999999999998867e-03
1.849999999999998781e-03
1.899999999999998695e-03
1.949999999999998609e-03
1.999999999999998741e-03
2.049999999999998872e-03
2.099999999999999003e-03
2.149999999999999134e-03
2.199999999999999265e-03
2.249999999999999396e-03
2.299999999999999527e-03
2.349999999999999659e-03
2.399999999999999790e-03
2.449999999999999921e-03
2.500000000000000052e-03
2.550000000000000183e-03
2.600000000000000314e-03
2.650000000000000445e-03
2.700000000000000577e-03
2.750000000000000708e-03
2.800000000000000839e-03
2.850000000000000970e-03
2.900000000000001101e-03
2.950000000000001232e-03
3.000000000000001363e-03
3.050000000000001495e-03
3.100000000000001626e-03
3.150000000000001757e-03
3.200000000000001888e-03
3.250000000000002019e-03
3.300000000000002150e-03
3.350000000000002282e-03
3.400000000000002413e-03
3.450000000000002544e-03
3.500000000000002675e-03
3.550000000000002806e-03
3.600000000000002937e-03
3.650000000000003068e-03
3.700000000000003200e-03
3.750000000000003331e-03
3.800000000000003462e-03
3.850000000000003593e-03
3.900000000000003724e-03
3.950000000000003855e-03
4.000000000000003553e-03
4.050000000000003250e-03
4.100000000000002948e-03
4.150007631655095244e-03
4.200068512177228090e-03
4.250284855199419967e-03
4.300817375196196342e-03
4.351875361754715434e-03
4.403699218111612607e-03
4.456538895530216295e-03
4.510631069006149942e-03
4.566178026132012083e-03
4.623332244748784570e-03
4.682192366298389141e-03
4.742818291494481538e-03
4.805262994446456853e-03
4.869581038486991802e-03
4.935828623848742373e-03
5.004063636771345289e-03
5.074345700081626422e-03
5.146736225291216084e-03
5.221298466257093783e-03
5.298097574451947692e-03
5.377200655892647001e-03
5.458676829776566881e-03
5.542597288877004584e-03
5.629035361750455227e-03
5.718066576810109172e-03
5.809768728321553118e-03
5.904221944378340581e-03
6.001508756916831312e-03
6.101714173831476393e-03
6.204925753253561112e-03
6.311233680058308572e-03
6.420730844667198525e-03
6.533512924214355221e-03
6.649678466147926695e-03
6.769328974339505582e-03
6.892568997776831602e-03
7.019506221917277099e-03
7.150251562781936333e-03
7.284919263872535744e-03
7.423626995995853510e-03
7.566495960082871182e-03
7.713650993092499575e-03
7.865220677092416013e-03
8.021337451612330777e-03
8.182137729367842949e-03
8.347762015456020035e-03
8.518355030126842017e-03
8.694065835237789475e-03
8.875047964502065512e-03
9.061459557644270177e-03
9.253463498580740895e-03
9.451227557745306082e-03
9.654924538684809057e-03
9.864732429052497711e-03
1.008083455613121779e-02
1.030341974702229935e-02
1.053268249364011297e-02
1.076882312265646166e-02
1.101204797054330074e-02
1.126256956386674501e-02
1.152060680498989340e-02
1.178638516334673536e-02
1.206013687245428324e-02
1.234210113283505834e-02
1.263252432102725600e-02
1.293166020486521961e-02
1.323977016521832133e-02
1.355712342438201642e-02
1.388399728132062166e-02
1.422067735396738419e-02
1.456745782879355008e-02
1.492464171786450113e-02
1.529254112360758054e-02
1.567147751152295210e-02
1.606178199107578461e-02
1.646379560501520095e-02
1.687786962737279975e-02
1.730436587040112828e-02
1.774365700072030524e-02
1.819612686494905679e-02
1.866217082510467085e-02
1.914219610406495478e-02
1.963662214139404866e-02
2.014588095984301552e-02
2.067041754284545257e-02
2.121069022333796350e-02
2.176717108424525149e-02
2.234034637097975784e-02
2.293071691631630091e-02
2.353879857801293926e-02
2.416512268956047538e-02
2.481023652445443761e-02
2.547470377439521941e-02
2.615910504183422552e-02
2.686403834729640325e-02
2.759011965192244634e-02
2.833798339568727176e-02
2.910828305176504233e-02
2.990169169752514636e-02
3.071890260265805472e-02
3.156062983494495322e-02
3.242760888420045950e-02
3.332059730493363431e-02
3.424037537828880651e-02
3.518774679384463477e-02
3.616353935186714108e-02
3.716860568663032244e-02
3.820382401143639778e-02
3.927009888598665538e-02
4.036836200677342001e-02
4.149957302118378877e-02
4.266472036602646928e-02
4.386482213121443291e-02
4.510092694935803614e-02
4.637411491204594671e-02
4.768549851361449793e-02
4.903622362323010325e-02
5.042747048613417660e-02
5.186045475492537249e-02
5.333642855178030717e-02
5.485668156254089323e-02
5.642254216362429381e-02
5.803537858274019495e-02
5.969660009442957077e-02
6.140765825146962675e-02
6.317004815322088684e-02
6.498530975202468363e-02
6.685502919879258987e-02
6.878084022896353844e-02
7.076442559003962018e-02
7.280751851194798563e-02
7.491190422151360051e-02
7.707942150236618550e-02
7.931196430164434708e-02
8.161148338490085974e-02
8.397998804065506806e-02
8.641954783608189750e-02
8.893229442537153862e-02
9.152042341233987410e-02
9.418619626891726326e-02
9.693194231119196813e-02
9.976006073473490943e-02
1.026730227109841354e-01
1.056733735465208435e-01
1.087637349071236548e-01
1.119468071085445438e-01
1.152253714760080594e-01
1.186022927744954797e-01
1.220805217119375202e-01
1.256630975175028198e-01
1.293531505972350670e-01
1.331539052693592740e-01
1.370686825816471999e-01
1.411009032133037633e-01
1.452540904639100239e-01
1.495318733320344651e-01
1.539379896862026476e-01
1.584762895309958786e-01
1.631507383711329195e-01
1.679654206764740754e-01
1.729245434509754653e-01
1.780324399087118981e-01
1.832935732601804202e-01
1.887125406121930027e-01
1.942940769847659732e-01
2.000430594485161362e-01
2.059645113861788002e-01
