-2.041730741244119907e-01
-1.983270622123499416e-01
-1.926513224919013390e-01
-1.871408955788444461e-01
-1.817909665370416317e-01
-1.765968606712136624e-01
-1.715540394422544745e-01
-1.666580965015173887e-01
-1.619047538406075959e-01
-1.572898580533165225e-01
-1.528093767064319930e-01
-1.484593948162528376e-01
-1.442361114277293799e-01
-1.401358362932405843e-01
-1.361549866481058246e-01
-1.322900840800138311e-01
-1.285377514896332563e-01
-1.248947101397491904e-01
-1.213577767903471910e-01
-1.179238609171413682e-01
-1.145899620111162920e-01
-1.113531669567230098e-01
-1.082106474864382717e-01
-1.051596577094627977e-01
-1.021975317123992311e-01
-9.932168122981324676e-02
-9.652959338264238687e-02
-9.381882848247651008e-02
-9.118701789979119510e-02
-8.863186199427147693e-02
-8.615112810541737665e-02
-8.374264860167553171e-02
-8.140431898639219344e-02
-7.913409605893263754e-02
-7.692999612936025911e-02
-7.479009328511522503e-02
-7.271251770817829807e-02
-7.069545404124924493e-02
-6.873713980151230363e-02
-6.683586384060265229e-02
-6.498996484942823337e-02
-6.319782990654045085e-02
-6.145789306878531727e-02
-5.976863400300363310e-02
-5.812857665758452280e-02
-5.653628797271160328e-02
-5.499037662817479050e-02
-5.348949182765361243e-02
-5.203232211840975313e-02
-5.061759424535746538e-02
-4.924407203851058346e-02
-4.791055533283399698e-02
-4.661587891955575741e-02
-4.535891152802348780e-02
-4.413855483721546014e-02
-4.295374251604261451e-02
-4.180343929160296179e-02
-4.068664004457417382e-02
-3.960236893095399335e-02
-3.854967852938100126e-02
-3.752764901329071895e-02
-3.653538734718364545e-02
-3.557202650630299223e-02
-3.463672471904022387e-02
-3.372866473140646859e-02
-3.284705309292709763e-02
-3.199111946333547257e-02
-3.116011593946010558e-02
-3.035331640171702941e-02
-2.957001587963637226e-02
-2.880952993586874400e-02
-2.807119406813318382e-02
-2.735436312858409783e-02
-2.665841076008983873e-02
-2.598272884893036358e-02
-2.532672699343572684e-02
-2.468983198810112759e-02
-2.407148732272772901e-02
-2.347115269615161412e-02
-2.288830354413596765e-02
-2.232243058101398073e-02
-2.177303935468195492e-02
-2.123964981455377446e-02
-2.072179589209922901e-02
-2.021902509359967126e-02
-1.973089810476514813e-02
-1.925698840686755273e-02
-1.879688190405435361e-02
-1.835017656151726601e-02
-1.791648205419970469e-02
-1.749541942573605222e-02
-1.708662075732473792e-02
-1.668972884624579309e-02
-1.630439689374196463e-02
-1.593028820199067497e-02
-1.556707587990204499e-02
-1.521444255748590109e-02
-1.487208010853818818e-02
-1.453968938140448586e-02
-1.421697993758535769e-02
-1.390366979795513644e-02
-1.359948519637239721e-02
-1.330416034046682551e-02
-1.301743717939345471e-02
-1.273906517835134665e-02
-1.246880109966968901e-02
-1.220640879027002149e-02
-1.195165897531888857e-02
-1.170432905789060493e-02
-1.146420292446508754e-02
-1.123107075609079859e-02
-1.100472884504779918e-02
-1.078497941685071203e-02
-1.057163045743606498e-02
-1.036449554538300920e-02
-1.016339368902081930e-02
-9.968149168280829309e-03
-9.778591381154624895e-03
-9.594554694624330207e-03
-9.415878299934723680e-03
-9.242406072080737098e-03
-9.073986433387545500e-03
-8.910472221064058562e-03
-8.751720558614070958e-03
-8.597592730992724072e-03
-8.447954063399184046e-03
-8.302673803599631280e-03
-8.161625007677735660e-03
-8.024684429112787648e-03
-7.891732411088566226e-03
-7.762652781938836691e-03
-7.637332753638127747e-03
-7.515662823249089769e-03
-7.397536677240314738e-03
-7.282851098591018937e-03
-7.171505876601411145e-03
-7.063403719329947386e-03
-6.958450168580953589e-03
-6.856553517368337881e-03
-6.757624729783274012e-03
-6.661577363195833774e-03
-6.568327492722590699e-03
-6.477793637894199187e-03
-6.389896691458867538e-03
-6.304559850259516818e-03
-6.221708548124225101e-03
-6.141270390711320824e-03
-6.063175092252190770e-03
-5.987354414136530911e-03
-5.913742105286375582e-03
-5.842273844266806897e-03
-5.772887183082759874e-03
-5.705521492612811510e-03
-5.640117909632279269e-03
-5.576619285379335288e-03
-5.514970135619195676e-03
-5.455116592162749696e-03
-5.397006355797268583e-03
-5.340588650588063736e-03
-5.285814179511166139e-03
-5.232635081378255934e-03
-5.181004889016207343e-03
-5.130878488664703495e-03
-5.082212080556446944e-03
-5.034963140645518608e-03
-4.989090383450442250e-03
-4.944553725979494371e-03
-4.901314252706729171e-03
-4.859334181568122392e-03
-4.818576830948115633e-03
-4.779006587627720494e-03
-4.740588875666171959e-03
-4.703290126188940101e-03
-4.667077748055705431e-03
-4.631920099382662130e-03
-4.597786459894270643e-03
-4.564646158254326638e-03
-4.532464991306797870e-03
-4.501202516133172814e-03
-4.470810848816979786e-03
-4.441234589365540379e-03
-4.412411543636324089e-03
-4.384273970275990792e-03
-4.356750139496174540e-03
-4.329766046085505721e-03
-4.303247167161224594e-03
-4.277120192851587704e-03
-4.251314683807731754e-03
-4.225764622822316199e-03
-4.200409829529845422e-03
-4.175197198664148783e-03
-4.150081705905538793e-03
-4.125027103969023355e-03
-4.100006208953808906e-03
-4.075000657206401776e-03
-4.049999999999989372e-03
-4.024999999999989524e-03
-3.999999999999989675e-03
-3.974999999999989826e-03
-3.949999999999989977e-03
-3.924999999999990129e-03
-3.899999999999990280e-03
-3.874999999999990431e-03
-3.849999999999990583e-03
-3.824999999999990734e-03
-3.799999999999990885e-03
-3.774999999999991036e-03
-3.749999999999991188e-03
-3.724999999999991339e-03
-3.699999999999991490e-03
-3.674999999999991641e-03
-3.649999999999991793e-03
-3.624999999999991944e-03
-3.599999999999992095e-03
-3.574999999999992246e-03
-3.549999999999992398e-03
-3.524999999999992549e-03
-3.499999999999992700e-03
-3.474999999999992852e-03
-3.449999999999993003e-03
-3.424999999999993154e-03
-3.399999999999993305e-03
-3.374999999999993457e-03
-3.349999999999993608e-03
-3.324999999999993759e-03
-3.299999999999993910e-03
-3.274999999999994062e-03
-3.249999999999994213e-03
-3.224999999999994364e-03
-3.199999999999994515e-03
-3.174999999999994667e-03
-3.149999999999994818e-03
-3.124999999999994969e-03
-3.099999999999995121e-03
-3.074999999999995272e-03
-3.049999999999995423e-03
-3.024999999999995574e-03
-2.999999999999995726e-03
-2.974999999999995877e-03
-2.949999999999996028e-03
-2.924999999999996179e-03
-2.899999999999996331e-03
-2.874999999999996482e-03
-2.849999999999996633e-03
-2.824999999999996785e-03
-2.799999999999996936e-03
-2.774999999999997087e-03
-2.749999999999997238e-03
-2.724999999999997390e-03
-2.699999999999997541e-03
-2.674999999999997692e-03
-2.649999999999997843e-03
-2.624999999999997995e-03
-2.599999999999998146e-03
-2.574999999999998297e-03
-2.549999999999998448e-03
-2.524999999999998600e-03
-2.499999999999998751e-03
-2.474999999999998902e-03
-2.449999999999999054e-03
-2.424999999999999205e-03
-2.399999999999999356e-03
-2.374999999999999507e-03
-2.349999999999999659e-03
-2.324999999999999810e-03
-2.299999999999999961e-03
-2.275000000000000112e-03
-2.250000000000000264e-03
-2.225000000000000415e-03
-2.200000000000000566e-03
-2.175000000000000717e-03
-2.150000000000000869e-03
-2.125000000000001020e-03
-2.100000000000001171e-03
-2.075000000000001323e-03
-2.050000000000001474e-03
-2.025000000000001625e-03
-2.000000000000001776e-03
-1.975000000000001928e-03
-1.950000000000001862e-03
-1.925000000000001796e-03
-1.900000000000001731e-03
-1.875000000000001665e-03
-1.850000000000001600e-03
-1.825000000000001534e-03
-1.800000000000001469e-03
-1.775000000000001403e-03
-1.750000000000001337e-03
-1.725000000000001272e-03
-1.700000000000001206e-03
-1.675000000000001141e-03
-1.650000000000001075e-03
-1.625000000000001010e-03
-1.600000000000000944e-03
-1.575000000000000878e-03
-1.550000000000000813e-03
-1.525000000000000747e-03
-1.500000000000000682e-03
-1.475000000000000616e-03
-1.450000000000000551e-03
-1.425000000000000485e-03
-1.400000000000000419e-03
-1.375000000000000354e-03
-1.350000000000000288e-03
-1.325000000000000223e-03
-1.300000000000000157e-03
-1.275000000000000092e-03
-1.250000000000000026e-03
-1.224999999999999960e-03
-1.199999999999999895e-03
-1.174999999999999829e-03
-1.149999999999999764e-03
-1.124999999999999698e-03
-1.099999999999999633e-03
-1.074999999999999567e-03
-1.049999999999999501e-03
-1.024999999999999436e-03
-9.999999999999993703e-04
-9.749999999999993047e-04
-9.499999999999993476e-04
-9.249999999999993904e-04
-8.999999999999994333e-04
-8.749999999999994761e-04
-8.499999999999995190e-04
-8.249999999999995618e-04
-7.999999999999996047e-04
-7.749999999999996475e-04
-7.499999999999996904e-04
-7.249999999999997332e-04
-6.999999999999997760e-04
-6.749999999999998189e-04
-6.499999999999998617e-04
-6.249999999999999046e-04
-5.999999999999999474e-04
-5.749999999999999903e-04
-5.500000000000000331e-04
-5.250000000000000760e-04
-5.000000000000001188e-04
-4.750000000000001617e-04
-4.500000000000001503e-04
-4.250000000000001390e-04
-4.000000000000001276e-04
-3.750000000000001162e-04
-3.500000000000001049e-04
-3.250000000000000935e-04
-3.000000000000000821e-04
-2.750000000000000708e-04
-2.500000000000000594e-04
-2.250000000000000481e-04
-2.000000000000000367e-04
-1.750000000000000253e-04
-1.500000000000000140e-04
-1.250000000000000026e-04
-1.000000000000000048e-04
-7.500000000000000698e-05
-5.000000000000000240e-05
-2.500000000000000120e-05
-0.000000000000000000e+00
2.500000000000000120e-05
5.000000000000000240e-05
7.500000000000000698e-05
1.000000000000000048e-04
1.250000000000000026e-04
1.500000000000000140e-04
1.750000000000000253e-04
2.000000000000000367e-04
2.250000000000000481e-04
2.500000000000000594e-04
2.750000000000000708e-04
3.000000000000000821e-04
3.250000000000000935e-04
3.500000000000001049e-04
3.750000000000001162e-04
4.000000000000001276e-04
4.250000000000001390e-04
4.500000000000001503e-04
4.750000000000001617e-04
5.000000000000001188e-04
5.250000000000000760e-04
5.500000000000000331e-04
5.749999999999999903e-04
5.999999999999999474e-04
6.249999999999999046e-04
6.499999999999998617e-04
6.749999999999998189e-04
6.999999999999997760e-04
7.249999999999997332e-04
7.499999999999996904e-04
7.749999999999996475e-04
7.999999999999996047e-04
8.249999999999995618e-04
8.499999999999995190e-04
8.749999999999994761e-04
8.999999999999994333e-04
9.249999999999993904e-04
9.499999999999993476e-04
9.749999999999993047e-04
9.999999999999993703e-04
1.024999999999999436e-03
1.049999999999999501e-03
1.074999999999999567e-03
1.099999999999999633e-03
1.124999999999999698e-03
1.149999999999999764e-03
1.174999999999999829e-03
1.199999999999999895e-03
1.224999999999999960e-03
1.250000000000000026e-03
1.275000000000000092e-03
1.300000000000000157e-03
1.325000000000000223e-03
1.350000000000000288e-03
1.375000000000000354e-03
1.400000000000000419e-03
1.425000000000000485e-03
1.450000000000000551e-03
1.475000000000000616e-03
1.500000000000000682e-03
1.525000000000000747e-03
1.550000000000000813e-03
1.575000000000000878e-03
1.600000000000000944e-03
1.625000000000001010e-03
1.650000000000001075e-03
1.675000000000001141e-03
1.700000000000001206e-03
1.725000000000001272e-03
1.750000000000001337e-03
1.775000000000001403e-03
1.800000000000001469e-03
1.825000000000001534e-03
1.850000000000001600e-03
1.875000000000001665e-03
1.900000000000001731e-03
1.925000000000001796e-03
1.950000000000001862e-03
1.975000000000001928e-03
2.000000000000001776e-03
2.025000000000001625e-03
2.050000000000001474e-03
2.075000000000001323e-03
2.100000000000001171e-03
2.125000000000001020e-03
2.150000000000000869e-03
2.175000000000000717e-03
2.200000000000000566e-03
2.225000000000000415e-03
2.250000000000000264e-03
2.275000000000000112e-03
2.299999999999999961e-03
2.324999999999999810e-03
2.349999999999999659e-03
2.374999999999999507e-03
2.399999999999999356e-03
2.424999999999999205e-03
2.449999999999999054e-03
2.474999999999998902e-03
2.499999999999998751e-03
2.524999999999998600e-03
2.549999999999998448e-03
2.574999999999998297e-03
2.599999999999998146e-03
2.624999999999997995e-03
2.649999999999997843e-03
2.674999999999997692e-03
2.699999999999997541e-03
2.724999999999997390e-03
2.749999999999997238e-03
2.774999999999997087e-03
2.799999999999996936e-03
2.824999999999996785e-03
2.849999999999996633e-03
2.874999999999996482e-03
2.899999999999996331e-03
2.924999999999996179e-03
2.949999999999996028e-03
2.974999999999995877e-03
2.999999999999995726e-03
3.024999999999995574e-03
3.049999999999995423e-03
3.074999999999995272e-03
3.099999999999995121e-03
3.124999999999994969e-03
3.149999999999994818e-03
3.174999999999994667e-03
3.199999999999994515e-03
3.224999999999994364e-03
3.249999999999994213e-03
3.274999999999994062e-03
3.299999999999993910e-03
3.324999999999993759e-03
3.349999999999993608e-03
3.374999999999993457e-03
3.399999999999993305e-03
3.424999999999993154e-03
3.449999999999993003e-03
3.474999999999992852e-03
3.499999999999992700e-03
3.524999999999992549e-03
3.549999999999992398e-03
3.574999999999992246e-03
3.599999999999992095e-03
3.624999999999991944e-03
3.649999999999991793e-03
3.674999999999991641e-03
3.699999999999991490e-03
3.724999999999991339e-03
3.749999999999991188e-03
3.774999999999991036e-03
3.799999999999990885e-03
3.824999999999990734e-03
3.849999999999990583e-03
3.874999999999990431e-03
3.899999999999990280e-03
3.924999999999990129e-03
3.949999999999989977e-03
3.974999999999989826e-03
3.999999999999989675e-03
4.024999999999989524e-03
4.049999999999989372e-03
4.075000657206401776e-03
4.100006208953808906e-03
4.125027103969023355e-03
4.150081705905538793e-03
4.175197198664148783e-03
4.200409829529845422e-03
4.225764622822316199e-03
4.251314683807731754e-03
4.277120192851587704e-03
4.303247167161224594e-03
4.329766046085505721e-03
4.356750139496174540e-03
4.384273970275990792e-03
4.412411543636324089e-03
4.441234589365540379e-03
4.470810848816979786e-03
4.501202516133172814e-03
4.532464991306797870e-03
4.564646158254326638e-03
4.597786459894270643e-03
4.631920099382662130e-03
4.667077748055705431e-03
4.703290126188940101e-03
4.740588875666171959e-03
4.779006587627720494e-03
4.818576830948115633e-03
4.859334181568122392e-03
4.901314252706729171e-03
4.944553725979494371e-03
4.989090383450442250e-03
5.034963140645518608e-03
5.082212080556446944e-03
5.130878488664703495e-03
5.181004889016207343e-03
5.232635081378255934e-03
5.285814179511166139e-03
5.340588650588063736e-03
5.397006355797268583e-03
5.455116592162749696e-03
5.514970135619195676e-03
5.576619285379335288e-03
5.640117909632279269e-03
5.705521492612811510e-03
5.772887183082759874e-03
5.842273844266806897e-03
5.913742105286375582e-03
5.987354414136530911e-03
6.063175092252190770e-03
6.141270390711320824e-03
6.221708548124225101e-03
6.304559850259516818e-03
6.389896691458867538e-03
6.477793637894199187e-03
6.568327492722590699e-03
6.661577363195833774e-03
6.757624729783274012e-03
6.856553517368337881e-03
6.958450168580953589e-03
7.063403719329947386e-03
7.171505876601411145e-03
7.282851098591018937e-03
7.397536677240314738e-03
7.515662823249089769e-03
7.637332753638127747e-03
7.762652781938836691e-03
7.891732411088566226e-03
8.024684429112787648e-03
8.161625007677735660e-03
8.302673803599631280e-03
8.447954063399184046e-03
8.597592730992724072e-03
8.751720558614070958e-03
8.910472221064058562e-03
9.073986433387545500e-03
9.242406072080737098e-03
9.415878299934723680e-03
9.594554694624330207e-03
9.778591381154624895e-03
9.968149168280829309e-03
1.016339368902081930e-02
1.036449554538300920e-02
1.057163045743606498e-02
1.078497941685071203e-02
1.100472884504779918e-02
1.123107075609079859e-02
1.146420292446508754e-02
1.170432905789060493e-02
1.195165897531888857e-02
1.220640879027002149e-02
1.246880109966968901e-02
1.273906517835134665e-02
1.301743717939345471e-02
1.330416034046682551e-02
1.359948519637239721e-02
1.390366979795513644e-02
1.421697993758535769e-02
1.453968938140448586e-02
1.487208010853818818e-02
1.521444255748590109e-02
1.556707587990204499e-02
1.593028820199067497e-02
1.630439689374196463e-02
1.668972884624579309e-02
1.708662075732473792e-02
1.749541942573605222e-02
1.791648205419970469e-02
1.835017656151726601e-02
1.879688190405435361e-02
1.925698840686755273e-02
1.973089810476514813e-02
2.021902509359967126e-02
2.072179589209922901e-02
2.123964981455377446e-02
2.177303935468195492e-02
2.232243058101398073e-02
2.288830354413596765e-02
2.347115269615161412e-02
2.407148732272772901e-02
2.468983198810112759e-02
2.532672699343572684e-02
2.598272884893036358e-02
2.665841076008983873e-02
2.735436312858409783e-02
2.807119406813318382e-02
2.880952993586874400e-02
2.957001587963637226e-02
3.035331640171702941e-02
3.116011593946010558e-02
3.199111946333547257e-02
3.284705309292709763e-02
3.372866473140646859e-02
3.463672471904022387e-02
3.557202650630299223e-02
3.653538734718364545e-02
3.752764901329071895e-02
3.854967852938100126e-02
3.960236893095399335e-02
4.068664004457417382e-02
4.180343929160296179e-02
4.295374251604261451e-02
4.413855483721546014e-02
4.535891152802348780e-02
4.661587891955575741e-02
4.791055533283399698e-02
4.924407203851058346e-02
5.061759424535746538e-02
5.203232211840975313e-02
5.348949182765361243e-02
5.499037662817479050e-02
5.653628797271160328e-02
5.812857665758452280e-02
5.976863400300363310e-02
6.145789306878531727e-02
6.319782990654045085e-02
6.498996484942823337e-02
6.683586384060265229e-02
6.873713980151230363e-02
7.069545404124924493e-02
7.271251770817829807e-02
7.479009328511522503e-02
7.692999612936025911e-02
7.913409605893263754e-02
8.140431898639219344e-02
8.374264860167553171e-02
8.615112810541737665e-02
8.863186199427147693e-02
9.118701789979119510e-02
9.381882848247651008e-02
9.652959338264238687e-02
9.932168122981324676e-02
1.021975317123992311e-01
1.051596577094627977e-01
1.082106474864382717e-01
1.113531669567230098e-01
1.145899620111162920e-01
1.179238609171413682e-01
1.213577767903471910e-01
1.248947101397491904e-01
1.285377514896332563e-01
1.322900840800138311e-01
1.361549866481058246e-01
1.401358362932405843e-01
1.442361114277293799e-01
1.484593948162528376e-01
1.528093767064319930e-01
1.572898580533165225e-01
1.619047538406075959e-01
1.666580965015173887e-01
1.715540394422544745e-01
1.765968606712136624e-01
1.817909665370416317e-01
1.871408955788444461e-01
1.926513224919013390e-01
1.983270622123499416e-01
2.041730741244119907e-01
